 5110224.274025 1.203E-31 9.964E-07.04270.045 2279.15110.67-.014612              5              0                    P 34      4456631011 5 5 1 8    67.0   69.0
 5110233.812097 2.123E-31 9.673E-07.04320.046 2149.37990.67-.014515              5              0                    P 33      4456631011 5 5 1 8    65.0   67.0
 5110243.179964 3.677E-31 9.383E-07.04380.046 2023.37150.67-.014416              5              0                    P 32      4456631011 5 5 1 8    63.0   65.0
 5110252.377485 6.240E-31 9.094E-07.04430.047 1901.13080.67-.014316              5              0                    P 31      4456631011 5 5 1 8    61.0   63.0
 5110261.404517 1.038E-30 8.807E-07.04480.047 1782.66240.67-.014214              5              0                    P 30      4556631011 5 5 1 8    59.0   61.0
 5110270.260919 1.691E-30 8.520E-07.04540.048 1667.97090.67-.014110              5              0                    P 29      4556631011 5 5 1 8    57.0   59.0
 5110278.946547 2.699E-30 8.236E-07.04600.049 1557.06070.67-.014004              5              0                    P 28      4556631011 5 5 1 8    55.0   57.0
 5110287.461257 4.220E-30 7.953E-07.04650.049 1449.93600.67-.013897              5              0                    P 27      4556631011 5 5 1 8    53.0   55.0
 5110295.804908 6.464E-30 7.673E-07.04710.050 1346.60080.67-.013787              5              0                    P 26      4556631011 5 5 1 8    51.0   53.0
 5110303.977354 9.694E-30 7.394E-07.04770.051 1247.05920.67-.013675              5              0                    P 25      4556631011 5 5 1 8    49.0   51.0
 5110311.978452 1.424E-29 7.118E-07.04830.051 1151.31500.67-.013561              5              0                    P 24      4556631011 5 5 1 8    47.0   49.0
 5110319.808057 2.045E-29 6.844E-07.04900.052 1059.37180.67-.013444              5              0                    P 23      4556631011 5 5 1 8    45.0   47.0
 5110327.466024 2.877E-29 6.573E-07.04960.053  971.23320.67-.013324              5              0                    P 22      4556631011 5 5 1 8    43.0   45.0
 5110334.952210 3.958E-29 6.304E-07.05030.053  886.90240.67-.013201              5              0                    P 21      4556631011 5 5 1 8    41.0   43.0
 5110342.266468 5.327E-29 6.039E-07.05100.054  806.38280.67-.013074              5              0                    P 20      4556631011 5 5 1 8    39.0   41.0
 5110349.408654 7.009E-29 5.777E-07.05170.055  729.67740.67-.012944              5              0                    P 19      4556631011 5 5 1 8    37.0   39.0
 5110356.378622 9.014E-29 5.518E-07.05240.056  656.78920.68-.012809              5              0                    P 18      4556631011 5 5 1 8    35.0   37.0
 5110363.176226 1.133E-28 5.263E-07.05310.057  587.72090.69-.012669              5              0                    P 17      4556631011 5 5 1 8    33.0   35.0
 5110369.801321 1.389E-28 5.012E-07.05380.058  522.47510.70-.012522              5              0                    P 16      4556631011 5 5 1 8    31.0   33.0
 5110376.253761 1.663E-28 4.765E-07.05450.059  461.05450.71-.012369              5              0                    P 15      4556631011 5 5 1 8    29.0   31.0
 5110382.533399 1.943E-28 4.522E-07.05530.059  403.46120.72-.012208              5              0                    P 14      4556631011 5 5 1 8    27.0   29.0
 5110388.640090 2.211E-28 4.285E-07.05610.060  349.69750.73-.012038              5              0                    P 13      4556631011 5 5 1 8    25.0   27.0
 5110394.573687 2.449E-28 4.052E-07.05690.062  299.76560.74-.011856              5              0                    P 12      4556631011 5 5 1 8    23.0   25.0
 5110400.334044 2.638E-28 3.825E-07.05770.063  253.66720.75-.011660              5              0                    P 11      4556631011 5 5 1 8    21.0   23.0
 5110405.921014 2.758E-28 3.604E-07.05860.064  211.40410.75-.011446              5              0                    P 10      4556631011 5 5 1 8    19.0   21.0
 5110411.334450 2.796E-28 3.390E-07.05950.065  172.97800.75-.011212              5              0                    P  9      4556631011 5 5 1 8    17.0   19.0
 5110416.574207 2.738E-28 3.184E-07.06060.066  138.39040.75-.010951              5              0                    P  8      4556631011 5 5 1 8    15.0   17.0
 5110421.640137 2.583E-28 2.987E-07.06180.068  107.64240.75-.010655              5              0                    P  7      4556631011 5 5 1 8    13.0   15.0
 5110426.532094 2.333E-28 2.801E-07.06320.069   80.73540.74-.010315              5              0                    P  6      4556631011 5 5 1 8    11.0   13.0
 5110431.249931 2.004E-28 2.631E-07.06510.071   57.67040.74-.009917              5              0                    P  5      4556631011 5 5 1 8     9.0   11.0
 5110435.793501 1.615E-28 2.485E-07.06770.074   38.44810.74-.009441              5              0                    P  4      4556631011 5 5 1 8     7.0    9.0
 5110440.162657 1.192E-28 2.384E-07.07120.077   23.06950.74-.008861              5              0                    P  3      4556631011 5 5 1 8     5.0    7.0
 5110444.357252 7.633E-29 2.408E-07.07570.081   11.53500.75-.008137              5              0                    P  2      4556631011 5 5 1 8     3.0    5.0
 5110448.377140 3.577E-29 3.265E-07.08030.087    3.84500.76-.007215              5              0                    P  1      4556631011 5 5 1 8     1.0    3.0
 5110455.892206 2.913E-29 8.710E-08.08030.087    0.00000.76-.008174              5              0                    R  0      4556631011 5 5 1 8     3.0    1.0
 5110459.387089 5.052E-29 9.240E-08.07570.081    3.84500.75-.008628              5              0                    R  1      4556631011 5 5 1 8     5.0    3.0
 5110462.706678 6.389E-29 8.669E-08.07120.077   11.53500.74-.008976              5              0                    R  2      4556631011 5 5 1 8     7.0    5.0
 5110465.850825 6.972E-29 7.787E-08.06770.074   23.06950.74-.009260              5              0                    R  3      4556631011 5 5 1 8     9.0    7.0
 5110468.819382 6.913E-29 6.811E-08.06510.071   38.44810.74-.009505              5              0                    R  4      4556631011 5 5 1 8    11.0    9.0
 5110471.612204 6.361E-29 5.826E-08.06320.069   57.67040.74-.009727              5              0                    R  5      4556631011 5 5 1 8    13.0   11.0
 5110474.229143 5.486E-29 4.874E-08.06180.068   80.73540.75-.009936              5              0                    R  6      4556631011 5 5 1 8    15.0   13.0
 5110476.670053 4.450E-29 3.978E-08.06060.066  107.64240.75-.010140              5              0                    R  7      4556631011 5 5 1 8    17.0   15.0
 5110478.934786 3.393E-29 3.152E-08.05950.065  138.39040.75-.010341              5              0                    R  8      4556631011 5 5 1 8    19.0   17.0
 5110481.023196 2.421E-29 2.408E-08.05860.064  172.97800.75-.010541              5              0                    R  9      4556631011 5 5 1 8    21.0   19.0
 5110482.935135 1.601E-29 1.753E-08.05770.063  211.40410.75-.010742              5              0                    R 10      4556631011 5 5 1 8    23.0   21.0
 5110483.889040 1.789E-31 1.484E-07.04430.047 1782.66240.67-.014445              5              0                    R 30      4456631011 5 5 1 8    63.0   61.0
 5110484.670458 9.647E-30 1.194E-08.05690.062  253.66720.74-.010943              5              0                    R 11      4556631011 5 5 1 8    25.0   23.0
 5110485.537352 2.594E-31 1.273E-07.04480.047 1667.97090.67-.014288              5              0                    R 29      4556631011 5 5 1 8    61.0   59.0
 5110486.229017 5.133E-30 7.363E-09.05610.060  299.76560.73-.011145              5              0                    R 12      4556631011 5 5 1 8    27.0   25.0
 5110487.006254 3.646E-31 1.079E-07.04540.048 1557.06070.67-.014128              5              0                    R 28      4556631011 5 5 1 8    59.0   57.0
 5110487.610665 2.258E-30 3.846E-09.05530.059  349.69750.72-.011346              5              0                    R 13      4556631011 5 5 1 8    29.0   27.0
 5110488.295892 4.962E-31 9.037E-08.04600.049 1449.93600.67-.013964              5              0                    R 27      4556631011 5 5 1 8    57.0   55.0
 5110488.815256 6.948E-31 1.438E-09.05450.059  403.46120.71-.011548              5              0                    R 14      4556631011 5 5 1 8    31.0   29.0
 5110489.406415 6.521E-31 7.450E-08.04650.049 1346.60080.67-.013797              5              0                    R 26      4556631011 5 5 1 8    55.0   53.0
 5110489.842643 7.117E-32 1.831E-10.05380.058  461.05450.70-.011748              5              0                    R 15      4556631011 5 5 1 8    33.0   31.0
 5110490.337970 8.249E-31 6.029E-08.04710.050 1247.05920.67-.013626              5              0                    R 25      4556631011 5 5 1 8    53.0   51.0
 5110490.692679 3.798E-32 1.242E-10.05310.057  522.47510.69-.011947              5              0                    R 16      4556631011 5 5 1 8    35.0   33.0
 5110491.090704 1.000E-30 4.771E-08.04770.051 1151.31500.67-.013452              5              0                    R 24      4556631011 5 5 1 8    51.0   49.0
 5110491.664764 1.155E-30 3.670E-08.04830.051 1059.37180.67-.013274              5              0                    R 23      4556631011 5 5 1 8    49.0   47.0
 5110492.060298 1.262E-30 2.722E-08.04900.052  971.23320.67-.013094              5              0                    R 22      4556631011 5 5 1 8    47.0   45.0
 5110492.177211 9.864E-31 7.540E-09.05100.054  729.67740.67-.012532              5              0                    R 19      4556631011 5 5 1 8    41.0   39.0
 5110492.277452 1.285E-30 1.923E-08.04960.053  886.90240.67-.012909              5              0                    R 21      4556631011 5 5 1 8    45.0   43.0
 5110492.316375 1.199E-30 1.268E-08.05030.053  806.38280.67-.012722              5              0                    R 20      4556631011 5 5 1 8    43.0   41.0
 5112247.652514 1.211E-31 2.521E-07.04430.047 1901.13080.67-.017192              6              0                    P 31      4356631011 5 5 1 8    61.0   63.0
 5112257.729384 2.057E-31 2.491E-07.04480.047 1782.66240.67-.017064              6              0                    P 30      4456631011 5 5 1 8    59.0   61.0
 5112267.600619 3.422E-31 2.460E-07.04540.048 1667.97090.67-.016934              6              0                    P 29      4456631011 5 5 1 8    57.0   59.0
 5112277.266076 5.583E-31 2.430E-07.04600.049 1557.06070.67-.016801              6              0                    P 28      4456631011 5 5 1 8    55.0   57.0
 5112286.725615 8.928E-31 2.400E-07.04650.049 1449.93600.67-.016666              6              0                    P 27      4456631011 5 5 1 8    53.0   55.0
 5112295.979091 1.400E-30 2.369E-07.04710.050 1346.60080.67-.016528              6              0                    P 26      4456631011 5 5 1 8    51.0   53.0
 5112305.026364 2.151E-30 2.339E-07.04770.051 1247.05920.67-.016388              6              0                    P 25      4456631011 5 5 1 8    49.0   51.0
 5112313.867289 3.238E-30 2.309E-07.04830.051 1151.31500.67-.016244              6              0                    P 24      4456631011 5 5 1 8    47.0   49.0
 5112322.501723 4.776E-30 2.278E-07.04900.052 1059.37180.67-.016098              6              0                    P 23      4456631011 5 5 1 8    45.0   47.0
 5112330.929522 6.901E-30 2.248E-07.04960.053  971.23320.67-.015947              6              0                    P 22      4456631011 5 5 1 8    43.0   45.0
 5112339.150542 9.767E-30 2.217E-07.05030.053  886.90240.67-.015793              6              0                    P 21      4456631011 5 5 1 8    41.0   43.0
 5112347.164638 1.354E-29 2.187E-07.05100.054  806.38280.67-.015635              6              0                    P 20      4456631011 5 5 1 8    39.0   41.0
 5112354.971667 1.836E-29 2.157E-07.05170.055  729.67740.67-.015472              6              0                    P 19      4456631011 5 5 1 8    37.0   39.0
 5112362.571483 2.438E-29 2.127E-07.05240.056  656.78920.68-.015304              6              0                    P 18      4456631011 5 5 1 8    35.0   37.0
 5112369.963941 3.167E-29 2.097E-07.05310.057  587.72090.69-.015130              6              0                    P 17      4456631011 5 5 1 8    33.0   35.0
 5112377.148896 4.022E-29 2.067E-07.05380.058  522.47510.70-.014949              6              0                    P 16      5456631011 5 5 1 8    31.0   33.0
 5112384.126202 4.995E-29 2.038E-07.05450.059  461.05450.71-.014761              6              0                    P 15      4456631011 5 5 1 8    29.0   31.0
 5112390.895713 6.058E-29 2.009E-07.05530.059  403.46120.72-.014564              6              0                    P 14      4456631011 5 5 1 8    27.0   29.0
 5112397.457285 7.174E-29 1.980E-07.05610.060  349.69750.73-.014356              6              0                    P 13      4456631011 5 5 1 8    25.0   27.0
 5112403.810771 8.287E-29 1.953E-07.05690.062  299.76560.74-.014135              6              0                    P 12      5456631011 5 5 1 8    23.0   25.0
 5112409.956025 9.329E-29 1.926E-07.05770.063  253.66720.75-.013900              6              0                    P 11      4456631011 5 5 1 8    21.0   23.0
 5112415.892900 1.022E-28 1.900E-07.05860.064  211.40410.75-.013645              6              0                    P 10      4456631011 5 5 1 8    19.0   21.0
 5112421.621251 1.087E-28 1.877E-07.05950.065  172.97800.75-.013367              6              0                    P  9      5456631011 5 5 1 8    17.0   19.0
 5112427.140931 1.121E-28 1.855E-07.06060.066  138.39040.75-.013060              6              0                    P  8      4456631011 5 5 1 8    15.0   17.0
 5112432.451793 1.117E-28 1.838E-07.06180.068  107.64240.75-.012714              6              0                    P  7      4456631011 5 5 1 8    13.0   15.0
 5112437.553692 1.068E-28 1.825E-07.06320.069   80.73540.74-.012320              6              0                    P  6      4456631011 5 5 1 8    11.0   13.0
 5112442.446480 9.756E-29 1.822E-07.06510.071   57.67040.74-.011859              6              0                    P  5      5456631011 5 5 1 8     9.0   11.0
 5112447.130010 8.390E-29 1.836E-07.06770.074   38.44810.74-.011312              6              0                    P  4      4456631011 5 5 1 8     7.0    9.0
 5112451.604137 6.635E-29 1.888E-07.07120.077   23.06950.74-.010645              6              0                    P  3      4456631011 5 5 1 8     5.0    7.0
 5112455.868712 4.578E-29 2.054E-07.07570.081   11.53500.75-.009814              6              0                    P  2      4456631011 5 5 1 8     3.0    5.0
 5112459.923590 2.323E-29 3.015E-07.08030.087    3.84500.76-.008754              6              0                    P  1      4456631011 5 5 1 8     1.0    3.0
 5112467.403666 2.260E-29 9.608E-08.08030.087    0.00000.76-.009713              6              0                    R  0      4456631011 5 5 1 8     3.0    1.0
 5112470.828569 4.333E-29 1.127E-07.07570.081    3.84500.75-.010304              6              0                    R  1      4456631011 5 5 1 8     5.0    3.0
 5112474.043188 6.112E-29 1.179E-07.07120.077   11.53500.74-.010760              6              0                    R  2      4456631011 5 5 1 8     7.0    5.0
 5112477.047373 7.515E-29 1.193E-07.06770.074   23.06950.74-.011130              6              0                    R  3      4456631011 5 5 1 8     9.0    7.0
 5112479.840980 8.501E-29 1.190E-07.06510.071   38.44810.74-.011447              6              0                    R  4      5456631011 5 5 1 8    11.0    9.0
 5112482.423860 9.055E-29 1.178E-07.06320.069   57.67040.74-.011731              6              0                    R  5      4456631011 5 5 1 8    13.0   11.0
 5112483.331121 1.329E-31 5.576E-08.04540.048 1557.06070.67-.016952              6              0                    R 28      4456631011 5 5 1 8    59.0   57.0
 5112484.795867 9.198E-29 1.161E-07.06180.068   80.73540.75-.011996              6              0                    R  6      4456631011 5 5 1 8    15.0   13.0
 5112485.635592 2.266E-31 5.847E-08.04600.049 1449.93600.67-.016761              6              0                    R 27      4456631011 5 5 1 8    57.0   55.0
 5112486.956853 8.978E-29 1.140E-07.06060.066  107.64240.75-.012249              6              0                    R  7      4456631011 5 5 1 8    17.0   15.0
 5112487.725945 3.780E-31 6.121E-08.04650.049 1346.60080.67-.016566              6              0                    R 26      4456631011 5 5 1 8    55.0   53.0
 5112488.906672 8.462E-29 1.117E-07.05950.065  138.39040.75-.012496              6              0                    R  8      4456631011 5 5 1 8    19.0   17.0
 5112489.602327 6.176E-31 6.398E-08.04710.050 1247.05920.67-.016367              6              0                    R 25      4456631011 5 5 1 8    53.0   51.0
 5112490.645176 7.726E-29 1.092E-07.05860.064  172.97800.75-.012740              6              0                    R  9      5456631011 5 5 1 8    21.0   19.0
 5112491.264887 9.875E-31 6.678E-08.04770.051 1151.31500.67-.016165              6              0                    R 24      4456631011 5 5 1 8    51.0   49.0
 5112492.172219 6.851E-29 1.066E-07.05770.063  211.40410.75-.012982              6              0                    R 10      4456631011 5 5 1 8    23.0   21.0
 5112492.713774 1.546E-30 6.959E-08.04830.051 1059.37180.67-.015958              6              0                    R 23      4456631011 5 5 1 8    49.0   47.0
 5112493.487653 5.908E-29 1.039E-07.05690.062  253.66720.74-.013223              6              0                    R 11      5456631011 5 5 1 8    25.0   23.0
 5112493.949135 2.368E-30 7.243E-08.04900.052  971.23320.67-.015747              6              0                    R 22      4456631011 5 5 1 8    47.0   45.0
 5112494.591331 4.963E-29 1.011E-07.05610.060  299.76560.73-.013463              6              0                    R 12      4456631011 5 5 1 8    27.0   25.0
 5112494.971118 3.550E-30 7.529E-08.04960.053  886.90240.67-.015533              6              0                    R 21      4456631011 5 5 1 8    45.0   43.0
 5112495.483106 4.066E-29 9.828E-08.05530.059  349.69750.72-.013702              6              0                    R 13      4456631011 5 5 1 8    29.0   27.0
 5112495.779872 5.207E-30 7.815E-08.05030.053  806.38280.67-.015315              6              0                    R 20      4456631011 5 5 1 8    43.0   41.0
 5112496.162830 3.250E-29 9.544E-08.05450.059  403.46120.71-.013939              6              0                    R 14      4456631011 5 5 1 8    31.0   29.0
 5112496.375543 7.473E-30 8.103E-08.05100.054  729.67740.67-.015093              6              0                    R 19      4456631011 5 5 1 8    41.0   39.0
 5112496.630357 2.535E-29 9.257E-08.05380.058  461.05450.70-.014175              6              0                    R 15      4456631011 5 5 1 8    33.0   31.0
 5112496.758280 1.049E-29 8.392E-08.05170.055  656.78920.67-.014868              6              0                    R 18      4456631011 5 5 1 8    39.0   37.0
 5112496.885539 1.933E-29 8.969E-08.05310.057  522.47510.69-.014408              6              0                    R 16      4456631011 5 5 1 8    35.0   33.0
 5112496.928229 1.440E-29 8.681E-08.05240.056  587.72090.68-.014639              6              0                    R 17      4456631011 5 5 1 8    37.0   35.0
 5114279.942809 1.888E-31 2.766E-08.04770.051 1247.05920.67-.019101              7              0                    P 25      4556631012 5 5 1 8    49.0   51.0
 5114289.623474 2.854E-31 2.741E-08.04830.051 1151.31500.67-.018928              7              0                    P 24      4556631012 5 5 1 8    47.0   49.0
 5114299.062653 4.227E-31 2.715E-08.04900.052 1059.37180.67-.018751              7              0                    P 23      4556631012 5 5 1 8    45.0   47.0
 5114308.260201 6.134E-31 2.690E-08.04960.053  971.23320.67-.018571              7              0                    P 22      4556631012 5 5 1 8    43.0   45.0
 5114317.215976 8.720E-31 2.665E-08.05030.053  886.90240.67-.018386              7              0                    P 21      4556631012 5 5 1 8    41.0   43.0
 5114325.929834 1.214E-30 2.640E-08.05100.054  806.38280.67-.018196              7              0                    P 20      4556631012 5 5 1 8    39.0   41.0
 5114334.401632 1.655E-30 2.616E-08.05170.055  729.67740.67-.018000              7              0                    P 19      4556631012 5 5 1 8    37.0   39.0
 5114342.631225 2.208E-30 2.592E-08.05240.056  656.78920.68-.017799              7              0                    P 18      4556631012 5 5 1 8    35.0   37.0
 5114350.618469 2.882E-30 2.568E-08.05310.057  587.72090.69-.017592              7              0                    P 17      4556631012 5 5 1 8    33.0   35.0
 5114358.363219 3.680E-30 2.545E-08.05380.058  522.47510.70-.017377              7              0                    P 16      4556631012 5 5 1 8    31.0   33.0
 5114365.865330 4.594E-30 2.522E-08.05450.059  461.05440.71-.017153              7              0                    P 15      4556631012 5 5 1 8    29.0   31.0
 5114373.124658 5.604E-30 2.500E-08.05530.059  403.46120.72-.016919              7              0                    P 14      4556631012 5 5 1 8    27.0   29.0
 5114380.141057 6.674E-30 2.479E-08.05610.060  349.69750.73-.016674              7              0                    P 13      4556631012 5 5 1 8    25.0   27.0
 5114386.914381 7.756E-30 2.459E-08.05690.062  299.76560.74-.016415              7              0                    P 12      4556631012 5 5 1 8    23.0   25.0
 5114393.444486 8.785E-30 2.440E-08.05770.063  253.66720.75-.016140              7              0                    P 11      4556631012 5 5 1 8    21.0   23.0
 5114399.731224 9.684E-30 2.423E-08.05860.064  211.40410.75-.015844              7              0                    P 10      4556631012 5 5 1 8    19.0   21.0
 5114405.774451 1.037E-29 2.408E-08.05950.065  172.97800.75-.015522              7              0                    P  9      4556631012 5 5 1 8    17.0   19.0
 5114411.574020 1.077E-29 2.397E-08.06060.066  138.39040.75-.015169              7              0                    P  8      4556631012 5 5 1 8    15.0   17.0
 5114417.129785 1.080E-29 2.391E-08.06180.068  107.64240.75-.014773              7              0                    P  7      4556631012 5 5 1 8    13.0   15.0
 5114422.441599 1.041E-29 2.392E-08.06320.069   80.73540.74-.014324              7              0                    P  6      4556631012 5 5 1 8    11.0   13.0
 5114427.509316 9.581E-30 2.406E-08.06510.071   57.67040.74-.013802              7              0                    P  5      4556631012 5 5 1 8     9.0   11.0
 5114432.332790 8.304E-30 2.444E-08.06770.074   38.44810.74-.013182              7              0                    P  4      4556631012 5 5 1 8     7.0    9.0
 5114436.911874 6.622E-30 2.533E-08.07120.077   23.06950.74-.012428              7              0                    P  3      4556631012 5 5 1 8     5.0    7.0
 5114441.246422 4.606E-30 2.779E-08.07570.081   11.53500.75-.011490              7              0                    P  2      4556631012 5 5 1 8     3.0    5.0
 5114445.336285 2.358E-30 4.113E-08.08030.087    3.84500.76-.010293              7              0                    P  1      4556631012 5 5 1 8     1.0    3.0
 5114452.781375 2.337E-30 1.335E-08.08030.087    0.00000.76-.011252              7              0                    R  0      4556631012 5 5 1 8     3.0    1.0
 5114456.136307 4.523E-30 1.580E-08.07570.081    3.84500.75-.011981              7              0                    R  1      4556631012 5 5 1 8     5.0    3.0
 5114459.245968 6.442E-30 1.670E-08.07120.077   11.53500.74-.012544              7              0                    R  2      4556631012 5 5 1 8     7.0    5.0
 5114462.110210 8.005E-30 1.707E-08.06770.074   23.06950.74-.013000              7              0                    R  3      4556631012 5 5 1 8     9.0    7.0
 5114464.728887 9.150E-30 1.721E-08.06510.071   38.44810.74-.013389              7              0                    R  4      4556631012 5 5 1 8    11.0    9.0
 5114467.101852 9.854E-30 1.723E-08.06320.069   57.67040.74-.013735              7              0                    R  5      4556631012 5 5 1 8    13.0   11.0
 5114467.630219 2.237E-31 1.351E-08.04830.051 1059.37180.67-.018641              7              0                    R 23      4556631012 5 5 1 8    49.0   47.0
 5114469.228956 1.012E-29 1.716E-08.06180.068   80.73540.75-.014055              7              0                    R  6      4556631012 5 5 1 8    15.0   13.0
 5114469.705320 3.353E-31 1.376E-08.04900.052  971.23320.67-.018401              7              0                    R 22      4556631012 5 5 1 8    47.0   45.0
 5114471.110054 1.000E-29 1.705E-08.06060.066  107.64240.75-.014358              7              0                    R  7      4556631012 5 5 1 8    17.0   15.0
 5114471.532048 4.924E-31 1.401E-08.04960.053  886.90240.67-.018156              7              0                    R 21      4556631012 5 5 1 8    45.0   43.0
 5114472.744997 9.540E-30 1.691E-08.05950.065  138.39040.75-.014651              7              0                    R  8      4556631012 5 5 1 8    19.0   17.0
 5114473.110551 7.081E-31 1.426E-08.05030.053  806.38280.67-.017907              7              0                    R 20      4556631012 5 5 1 8    43.0   41.0
 5114474.133638 8.822E-30 1.674E-08.05860.064  172.97800.75-.014939              7              0                    R  9      4556631012 5 5 1 8    21.0   19.0
 5114474.440977 9.970E-31 1.450E-08.05100.054  729.67740.67-.017653              7              0                    R 19      4556631012 5 5 1 8    41.0   39.0
 5114475.275830 7.925E-30 1.655E-08.05770.063  211.40410.75-.015222              7              0                    R 10      4556631012 5 5 1 8    23.0   21.0
 5114475.523476 1.374E-30 1.475E-08.05170.055  656.78920.67-.017396              7              0                    R 18      4556631012 5 5 1 8    39.0   37.0
 5114476.171425 6.929E-30 1.635E-08.05690.062  253.66720.74-.015503              7              0                    R 11      4556631012 5 5 1 8    25.0   23.0
 5114476.358194 1.853E-30 1.499E-08.05240.056  587.72090.68-.017135              7              0                    R 17      4556631012 5 5 1 8    37.0   35.0
 5114476.820276 5.903E-30 1.614E-08.05610.060  299.76560.73-.015781              7              0                    R 12      4556631012 5 5 1 8    27.0   25.0
 5114476.945281 2.446E-30 1.523E-08.05310.057  522.47510.69-.016870              7              0                    R 16      4556631012 5 5 1 8    35.0   33.0
 5114477.222234 4.906E-30 1.592E-08.05530.059  349.69750.72-.016057              7              0                    R 13      4556631012 5 5 1 8    29.0   27.0
 5114477.284885 3.156E-30 1.546E-08.05380.058  461.05440.70-.016602              7              0                    R 15      4556631012 5 5 1 8    33.0   31.0
 5114477.377153 3.981E-30 1.570E-08.05450.059  403.46120.71-.016331              7              0                    R 14      4556631012 5 5 1 8    31.0   29.0
